30 231
5 0
3 0
4 0
1 0
2 0
24 0
6 0
25 0
0 1
4 1
2 1
6 1
13 1
12 1
3 1
14 1
24 1
23 1
1 2
3 2
4 2
24 2
0 2
2 3
12 3
1 3
5 4
3 4
2 4
0 4
1 4
4 5
0 5
24 5
7 5
6 5
5 6
1 6
24 6
0 6
25 6
7 6
26 6
22 6
6 7
26 7
25 7
22 7
5 7
9 8
19 8
10 8
20 8
23 8
11 8
16 8
8 9
10 9
21 9
20 9
28 9
19 9
11 9
9 10
11 10
20 10
8 10
10 11
8 11
9 11
19 11
16 11
15 11
18 12
17 12
13 12
14 12
4 12
2 12
1 12
3 12
12 13
1 13
19 13
17 13
14 13
18 13
16 13
15 13
28 14
23 14
25 14
3 14
12 14
1 14
24 14
19 14
13 14
16 15
18 15
17 15
13 15
11 15
15 16
17 16
18 16
10 16
8 16
11 16
19 16
13 16
16 17
15 17
18 17
13 17
12 17
17 18
13 18
15 18
16 18
10 19
14 19
16 19
13 19
8 19
24 19
9 19
23 19
11 19
20 19
19 20
23 20
9 20
10 20
8 20
28 20
25 20
21 20
27 20
20 21
22 21
9 21
27 21
28 21
21 22
27 22
25 22
26 22
6 22
23 22
28 22
7 22
24 23
25 23
1 23
28 23
20 23
22 23
8 23
14 23
19 23
23 24
14 24
1 24
19 24
25 24
6 24
0 24
2 24
5 24
26 24
24 25
23 25
0 25
14 25
28 25
20 25
26 25
6 25
7 25
22 25
27 25
25 26
22 26
7 26
6 26
24 26
28 26
28 27
21 27
20 27
22 27
25 27
27 28
21 28
22 28
25 28
26 28
23 28
20 28
9 28
14 29
29 0
29 1
29 2
29 3
29 4
29 5
29 6
29 7
29 8
29 9
29 10
29 11
29 12
29 13
29 14
29 15
29 16
29 17
29 18
29 19
29 20
29 21
29 22
29 23
29 24
29 25
29 26
29 27
29 28

